0.000000000000000000e+00
-9.999968333348416283e-04
-1.999974666714933111e-03
-2.999914500366524482e-03
-3.999797334877861800e-03
-4.999604171380182989e-03
-5.999316011728708480e-03
-6.998913858683624041e-03
-7.998378716091051471e-03
-8.997691589064021889e-03
-9.996833484163414330e-03
-1.099578540957892037e-02
-1.199452837530994888e-02
-1.299304339334653863e-02
-1.399131147785025349e-02
-1.498931364533506207e-02
-1.598703091484817568e-02
-1.698444430815087419e-02
-1.798153484989931453e-02
-1.897828356782532006e-02
-1.997467149291710237e-02
-2.097067965959999863e-02
-2.196628910591715347e-02
-2.296148087371018692e-02
-2.395623600879979304e-02
-2.495053556116634541e-02
-2.594436058513042639e-02
-2.693769213953334588e-02
-2.793051128791761845e-02
-2.892279909870736770e-02
-2.991453664538870974e-02
-3.090570500669010887e-02
-3.189628526676263620e-02
-3.288625851536021438e-02
-3.387560584801983105e-02
-3.486430836624163088e-02
-3.585234717766903195e-02
-3.683970339626872759e-02
-3.782635814251068818e-02
-3.881229254354801039e-02
-3.979748773339682189e-02
-4.078192485311604720e-02
-4.176558505098711127e-02
-4.274844948269365674e-02
-4.373049931150103237e-02
-4.471171570843593401e-02
-4.569207985246576120e-02
-4.667157293067803608e-02
-4.765017613845971833e-02
-4.862787067967640209e-02
-4.960463776685150594e-02
-5.058045862134532417e-02
-5.155531447353403629e-02
-5.252918656298860567e-02
-5.350205613865362947e-02
-5.447390445902605682e-02
-5.544471279233389310e-02
-5.641446241671470296e-02
-5.738313462039417584e-02
-5.835071070186444164e-02
-5.931717197006237952e-02
-6.028249974454789883e-02
-6.124667535568192878e-02
-6.220968014480450503e-02
-6.317149546441265529e-02
-6.413210267833820144e-02
-6.509148316192546468e-02
-6.604961830220888730e-02
-6.700648949809051569e-02
-6.796207816051735850e-02
-6.891636571265873090e-02
-6.986933359008334898e-02
-7.082096324093645201e-02
-7.177123612611667480e-02
-7.272013371945294791e-02
-7.366763750788116183e-02
-7.461372899162073413e-02
-7.555838968435116265e-02
-7.650160111338827340e-02
-7.744334481986053786e-02
-7.838360235888508498e-02
-7.932235529974376864e-02
-8.025958522605890211e-02
-8.119527373596910347e-02
-8.212940244230475251e-02
-8.306195297276351697e-02
-8.399290697008565676e-02
-8.492224609222917553e-02
-8.584995201254488895e-02
-8.677600641995134034e-02
-8.770039101910952206e-02
-8.862308753059752742e-02
-8.954407769108498061e-02
-9.046334325350745276e-02
-9.138086598724051712e-02
-9.229662767827390146e-02
-9.321061012938530732e-02
-9.412279516031417381e-02
-9.503316460793520548e-02
-9.594170032643184465e-02
-9.684838418746949396e-02
-9.775319808036865565e-02
-9.865612391227787659e-02
-9.955714360834649890e-02
-1.004562391118973275e-01
-1.013533923845990198e-01
-1.022485854066385175e-01
-1.031418001768929782e-01
-1.040330187131018880e-01
-1.049222230520387433e-01
-1.058093952496827472e-01
-1.066945173813901582e-01
-1.075775715420656253e-01
-1.084585398463332184e-01
-1.093374044287074159e-01
-1.102141474437637048e-01
-1.110887510663092076e-01
-1.119611974915530883e-01
-1.128314689352766104e-01
-1.136995476340032230e-01
-1.145654158451682864e-01
-1.154290558472887696e-01
-1.162904499401326286e-01
-1.171495804448880046e-01
-1.180064297043323246e-01
-1.188609800830010554e-01
-1.197132139673564577e-01
-1.205631137659559649e-01
-1.214106619096203821e-01
-1.222558408516020295e-01
-1.230986330677524970e-01
-1.239390210566903849e-01
-1.247769873399685592e-01
-1.256125144622415868e-01
-1.264455849914325469e-01
-1.272761815188999390e-01
-1.281042866596042995e-01
-1.289298830522744854e-01
-1.297529533595739026e-01
-1.305734802682664009e-01
-1.313914464893820577e-01
-1.322068347583826020e-01
-1.330196278353267814e-01
-1.338298085050353969e-01
-1.346373595772560883e-01
-1.354422638868280071e-01
-1.362445042938461859e-01
-1.370440636838256565e-01
-1.378409249678654580e-01
-1.386350710828121724e-01
-1.394264849914236271e-01
-1.402151496825318755e-01
-1.410010481712062613e-01
-1.417841634989163435e-01
-1.425644787336941277e-01
-1.433419769702965474e-01
-1.441166413303673899e-01
-1.448884549625990836e-01
-1.456574010428943466e-01
-1.464234627745273076e-01
-1.471866233883047381e-01
-1.479468661427266463e-01
-1.487041743241470926e-01
-1.494585312469341731e-01
-1.502099202536303080e-01
-1.509583247151118912e-01
-1.517037280307488856e-01
-1.524461136285640006e-01
-1.531854649653918987e-01
-1.539217655270376794e-01
-1.546549988284356136e-01
-1.553851484138072114e-01
-1.561121978568191793e-01
-1.568361307607412658e-01
-1.575569307586034973e-01
-1.582745815133534684e-01
-1.589890667180131056e-01
-1.597003700958354311e-01
-1.604084754004607705e-01
-1.611133664160728507e-01
-1.618150269575546196e-01
-1.625134408706436218e-01
-1.632085920320874850e-01
-1.639004643497986302e-01
-1.645890417630090086e-01
-1.652743082424245058e-01
-1.659562477903790412e-01
-1.666348444409883056e-01
-1.673100822603034166e-01
-1.679819453464639900e-01
-1.686504178298512124e-01
-1.693154838732404133e-01
-1.699771276719534430e-01
-1.706353334540107736e-01
-1.712900854802831829e-01
-1.719413680446433002e-01
-1.725891654741167069e-01
-1.732334621290328724e-01
-1.738742424031756717e-01
-1.745114907239336266e-01
-1.751451915524500080e-01
-1.757753293837722719e-01
-1.764018887470015229e-01
-1.770248542054416452e-01
-1.776442103567478226e-01
-1.782599418330751417e-01
-1.788720333012265296e-01
-1.794804694628007458e-01
-1.800852350543396541e-01
-1.806863148474754377e-01
-1.812836936490776485e-01
-1.818773563013993955e-01
-1.824672876822237277e-01
-1.830534727050095178e-01
-1.836358963190369842e-01
-1.842145435095529082e-01
-1.847893992979156019e-01
-1.853604487417393754e-01
-1.859276769350388936e-01
-1.864910690083730893e-01
-1.870506101289886869e-01
-1.876062855009634767e-01
-1.881580803653493117e-01
-1.887059800003145216e-01
-1.892499697212864374e-01
-1.897900348810930837e-01
-1.903261608701047325e-01
-1.908583331163754004e-01
-1.913865370857834314e-01
-1.919107582821722446e-01
-1.924309822474904730e-01
-1.929471945619318229e-01
-1.934593808440746854e-01
-1.939675267510210799e-01
-1.944716179785357379e-01
-1.949716402611844368e-01
-1.954675793724720556e-01
-1.959594211249804929e-01
-1.964471513705059458e-01
-1.969307560001961055e-01
-1.974102209446866318e-01
-1.978855321742377660e-01
-1.983566756988701385e-01
-1.988236375685004109e-01
-1.992864038730765563e-01
-1.997449607427127516e-01
-2.001992943478239639e-01
-2.006493908992600383e-01
-2.010952366484395626e-01
-2.015368178874832050e-01
-2.019741209493469691e-01
-2.024071322079546431e-01
-2.028358380783303327e-01
-2.032602250167303559e-01
-2.036802795207746930e-01
-2.040959881295783818e-01
-2.045073374238822739e-01
-2.049143140261834306e-01
-2.053169046008652132e-01
-2.057150958543270680e-01
-2.061088745351137841e-01
-2.064982274340442792e-01
-2.068831413843404687e-01
-2.072636032617551083e-01
-2.076395999846997464e-01
-2.080111185143720398e-01
-2.083781458548829013e-01
-2.087406690533828990e-01
-2.090986752001885440e-01
-2.094521514289083841e-01
-2.098010849165679592e-01
-2.101454628837353678e-01
-2.104852725946455005e-01
-2.108205013573244968e-01
-2.111511365237137006e-01
-2.114771654897928399e-01
-2.117985756957034005e-01
-2.121153546258710554e-01
-2.124274898091280117e-01
-2.127349688188349408e-01
-2.130377792730023256e-01
-2.133359088344116139e-01
-2.136293452107357049e-01
-2.139180761546593812e-01
-2.142020894639990458e-01
-2.144813729818221826e-01
-2.147559145965662331e-01
-2.150257022421573905e-01
-2.152907238981286719e-01
-2.155509675897377964e-01
-2.158064213880843962e-01
-2.160570734102270907e-01
-2.163029118192999478e-01
-2.165439248246286141e-01
-2.167801006818460829e-01
-2.170114276930078245e-01
-2.172378942067067498e-01
-2.174594886181875908e-01
-2.176761993694609765e-01
-2.178880149494169249e-01
-2.180949238939380586e-01
-2.182969147860123749e-01
-2.184939762558453791e-01
-2.186860969809722999e-01
-2.188732656863691117e-01
-2.190554711445639735e-01
-2.192327021757475292e-01
-2.194049476478830973e-01
-2.195721964768166390e-01
-2.197344376263856702e-01
-2.198916601085285083e-01
-2.200438529833922963e-01
-2.201910053594414163e-01
-2.203331063935646261e-01
-2.204701452911824455e-01
-2.206021113063537098e-01
-2.207289937418818182e-01
-2.208507819494204827e-01
-2.209674653295791158e-01
-2.210790333320278023e-01
-2.211854754556014935e-01
-2.212867812484043406e-01
-2.213829403079129732e-01
-2.214739422810798330e-01
-2.215597768644357313e-01
-2.216404338041920441e-01
-2.217159028963425205e-01
-2.217861739867646176e-01
-2.218512369713202814e-01
-2.219110817959564497e-01
-2.219656984568049440e-01
-2.220150770002820295e-01
-2.220592075231873352e-01
-2.220980801728026366e-01
-2.221316851469897491e-01
-2.221600126942884224e-01
-2.221830531140134568e-01
-2.222007967563513764e-01
-2.222132340224569069e-01
-2.222203553645485385e-01
-2.222221512860041992e-01
-2.222186123414559289e-01
-2.222097291368844152e-01
-2.221954923297129736e-01
-2.221758926289009173e-01
-2.221509207950368436e-01
-2.221205676404309493e-01
-2.220848240292072895e-01
-2.220436808773953719e-01
-2.219971291530213053e-01
-2.219451598761984779e-01
-2.218877641192178451e-01
-2.218249330066375535e-01
-2.217566577153722851e-01
-2.216829294747821588e-01
-2.216037395667607712e-01
-2.215190793258233481e-01
-2.214289401391939249e-01
-2.213333134468922769e-01
-2.212321907418203226e-01
-2.211255635698481381e-01
-2.210134235298992778e-01
-2.208957622740358728e-01
-2.207725715075429529e-01
-2.206438429890126840e-01
-2.205095685304276909e-01
-2.203697399972441850e-01
-2.202243493084744541e-01
-2.200733884367690185e-01
-2.199168494084982606e-01
-2.197547243038332487e-01
-2.195870052568266728e-01
-2.194136844554927523e-01
-2.192347541418869228e-01
-2.190502066121850500e-01
-2.188600342167619228e-01
-2.186642293602695519e-01
-2.184627845017148018e-01
-2.182556921545364959e-01
-2.180429448866821329e-01
-2.178245353206841040e-01
-2.176004561337354093e-01
-2.173707000577646820e-01
-2.171352598795111555e-01
-2.168941284405985492e-01
-2.166472986376090371e-01
-2.163947634221563554e-01
-2.161365158009584952e-01
-2.158725488359098110e-01
-2.156028556441529631e-01
-2.153274293981499443e-01
-2.150462633257527734e-01
-2.147593507102738830e-01
-2.144666848905555090e-01
-2.141682592610391622e-01
-2.138640672718342128e-01
-2.135541024287860579e-01
-2.132383582935437893e-01
-2.129168284836274738e-01
-2.125895066724946547e-01
-2.122563865896066604e-01
-2.119174620204941073e-01
-2.115727268068222922e-01
-2.112221748464554461e-01
-2.108658000935212939e-01
-2.105035965584743096e-01
-2.101355583081589706e-01
-2.097616794658723471e-01
-2.093819542114262189e-01
-2.089963767812084705e-01
-2.086049414682444869e-01
-2.082076426222572718e-01
-2.078044746497277329e-01
-2.073954320139541618e-01
-2.069805092351111597e-01
-2.065597008903082288e-01
-2.061330016136476428e-01
-2.057004060962818737e-01
-2.052619090864706286e-01
-2.048175053896371112e-01
-2.043671898684241151e-01
-2.039109574427491745e-01
-2.034488030898595756e-01
-2.029807218443866190e-01
-2.025067087983994929e-01
-2.020267591014585362e-01
-2.015408679606678355e-01
-2.010490306407279049e-01
-2.005512424639869784e-01
-2.000474988104923024e-01
-1.995377951180410392e-01
-1.990221268822302270e-01
-1.985004896565064625e-01
-1.979728790522150006e-01
-1.974392907386482432e-01
-1.968997204430940895e-01
-1.963541639508831205e-01
-1.958026171054357001e-01
-1.952450758083086879e-01
-1.946815360192410416e-01
-1.941119937561994468e-01
-1.935364450954231152e-01
-1.929548861714682761e-01
-1.923673131772517531e-01
-1.917737223640947064e-01
-1.911741100417648775e-01
-1.905684725785192213e-01
-1.899568064011455115e-01
-1.893391079950034472e-01
-1.887153739040654532e-01
-1.880856007309565370e-01
-1.874497851369942292e-01
-1.868079238422273580e-01
-1.861600136254747406e-01
-1.855060513243630971e-01
-1.848460338353644095e-01
-1.841799581138330311e-01
-1.835078211740419629e-01
-1.828296200892187695e-01
-1.821453519915808283e-01
-1.814550140723700800e-01
-1.807586035818873893e-01
-1.800561178295262410e-01
-1.793475541838058240e-01
-1.786329100724036723e-01
-1.779121829821878609e-01
-1.771853704592484813e-01
-1.764524701089288383e-01
-1.757134795958555928e-01
-1.749683966439690708e-01
-1.742172190365523510e-01
-1.734599446162605751e-01
-1.726965712851488699e-01
-1.719270970047002134e-01
-1.711515197958529688e-01
-1.703698377390271412e-01
-1.695820489741510229e-01
-1.687881517006865062e-01
-1.679881441776544526e-01
-1.671820247236588397e-01
-1.663697917169112417e-01
-1.655514435952539221e-01
-1.647269788561829262e-01
-1.638963960568706746e-01
-1.630596938141873342e-01
-1.622168708047226349e-01
-1.613679257648061860e-01
-1.605128574905280714e-01
-1.596516648377583336e-01
-1.587843467221660143e-01
-1.579109021192381390e-01
-1.570313300642972032e-01
-1.561456296525192133e-01
-1.552538000389502848e-01
-1.543558404385233507e-01
-1.534517501260735939e-01
-1.525415284363544344e-01
-1.516251747640517400e-01
-1.507026885637983704e-01
-1.497740693501877773e-01
-1.488393166977870496e-01
-1.478984302411499030e-01
-1.469514096748284482e-01
-1.459982547533845154e-01
-1.450389652914012006e-01
-1.440735411634927465e-01
-1.431019823043148120e-01
-1.421242887085735762e-01
-1.411404604310348421e-01
-1.401504975865315861e-01
-1.391544003499726734e-01
-1.381521689563491861e-01
-1.371438037007415289e-01
-1.361293049383250353e-01
-1.351086730843762407e-01
-1.340819086142768235e-01
-1.330490120635191009e-01
-1.320099840277090819e-01
-1.309648251625703530e-01
-1.299135361839466318e-01
-1.288561178678038210e-01
-1.277925710502322287e-01
-1.267228966274472901e-01
-1.256470955557903446e-01
-1.245651688517287470e-01
-1.234771175918550901e-01
-1.223829429128865387e-01
-1.212826460116632199e-01
-1.201762281451459469e-01
-1.190636906304134435e-01
-1.179450348446594576e-01
-1.168202622251886535e-01
-1.156893742694127258e-01
-1.145523725348450705e-01
-1.134092586390959001e-01
-1.122600342598655265e-01
-1.111047011349392544e-01
-1.099432610621785544e-01
-1.087757158995146800e-01
-1.076020675649406177e-01
-1.064223180365017063e-01
-1.052364693522865879e-01
-1.040445236104179938e-01
-1.028464829690419746e-01
-1.016423496463172427e-01
-1.004321259204031258e-01
-9.921581412944890932e-02
-9.799341667157995817e-02
-9.676493600488567104e-02
-9.553037464740571361e-02
-9.428973517711514152e-02
-9.304302023191085569e-02
-9.179023250959567060e-02
-9.053137476786288218e-02
-8.926644982427961450e-02
-8.799546055627011087e-02
-8.671840990109880298e-02
-8.543530085585160361e-02
-8.414613647741825408e-02
-8.285091988247239581e-02
-8.154965424745275193e-02
-8.024234280854258827e-02
-7.892898886164945171e-02
-7.760959576238357638e-02
-7.628416692603645632e-02
-7.495270582755819699e-02
-7.361521600153514422e-02
-7.227170104216606994e-02
-7.092216460323885752e-02
-6.956661039810529967e-02
-6.820504219965689563e-02
-6.683746384029876086e-02
-6.546387921192353687e-02
-6.408429226588518990e-02
-6.269870701297186599e-02
-6.130712752337746929e-02
-5.990955792667423951e-02
-5.850600241178383065e-02
-5.709646522694755699e-02
-5.568095067969686118e-02
-5.425946313682317168e-02
-5.283200702434642793e-02
-5.139858682748399410e-02
-4.995920709061862919e-02
-4.851387241726567989e-02
-4.706258747004032905e-02
-4.560535697062362281e-02
-4.414218569972894191e-02
-4.267307849706669654e-02
-4.119804026130902130e-02
-3.971707595005435909e-02
-3.823019057979171187e-02
-3.673738922586233802e-02
-3.523867702242378108e-02
-3.373405916241090097e-02
-3.222354089749857042e-02
-3.070712753806148498e-02
-2.918482445313552720e-02
-2.765663707037757657e-02
-2.612257087602443129e-02
-2.458263141485217407e-02
-2.303682429013464983e-02
-2.148515516360061106e-02
-1.992762975539186243e-02
-1.836425384401951799e-02
-1.679503326631992532e-02
-1.521997391741158889e-02
-1.363908175064898476e-02
-1.205236277757748553e-02
-1.045982306788839633e-02
-8.861468749371548270e-03
-7.257306007868780107e-03
-5.647341087225976608e-03
-4.031580289246217141e-03
-2.410029973639593592e-03
-7.826965579756928193e-04
8.504134823669184939e-04
2.489293614250209785e-03
4.133937246827756873e-03
5.784337731596034260e-03
7.440488362445707438e-03
9.102382375713702345e-03
1.077001295023638505e-02
1.244337320740285247e-02
1.412245621120788996e-02
1.580725496830748256e-02
1.749776242807243865e-02
1.919397148264490038e-02
2.089587496699341074e-02
2.260346565896931281e-02
2.431673627936403737e-02
2.603567949196639031e-02
2.776028790361995124e-02
2.949055406428269244e-02
3.122647046708537655e-02
3.296802954838984334e-02
3.471522368785173729e-02
3.646804520847779507e-02
3.822648637669001648e-02
3.999053940238472826e-02
4.176019643899653300e-02
4.353544958355903827e-02
4.531629087676958267e-02
4.710271230305240753e-02
4.889470579062260569e-02
5.069226321154995940e-02
5.249537638182555366e-02
5.430403706142727938e-02
5.611823695438422632e-02
5.793796770884585001e-02
5.976322091714747486e-02
6.159398811587846190e-02
6.343026078595004336e-02
6.527203035266559983e-02
6.711928818578727363e-02
6.897202559960846635e-02
7.083023385302167352e-02
7.269390414959064906e-02
7.456302763762168162e-02
7.643759541023442683e-02
7.831759850543484891e-02
8.020302790618782929e-02
8.209387454049044130e-02
8.399012928144500290e-02
8.589178294733501584e-02
8.779882630169832947e-02
8.971125005340241376e-02
9.162904485672151988e-02
9.355220131141139817e-02
9.548070996278679168e-02
9.741456130179892980e-02
9.935374576511235567e-02
1.012982537351838630e-01
1.032480755403410999e-01
1.052032014548619498e-01
1.071636216990530244e-01
1.091293264393321527e-01
1.111003057883068745e-01
1.130765498048571516e-01
1.150580484942156367e-01
1.170447918080511629e-01
1.190367696445504553e-01
1.210339718485026195e-01
1.230363882113804097e-01
1.250440084714262712e-01
1.270568223137369390e-01
1.290748193703473712e-01
1.310979892203169017e-01
1.331263213898155051e-01
1.351598053522100606e-01
1.371984305281513938e-01
1.392421862856619841e-01
1.412910619402231172e-01
1.433450467548649243e-01
1.454041299402535348e-01
1.474683006547816699e-01
1.495375480046579053e-01
1.516118610439978198e-01
1.536912287749137018e-01
1.557756401476068087e-01
1.578650840604586270e-01
1.599595493601234653e-01
1.620590248416208246e-01
1.641634992484288791e-01
1.662729612725778461e-01
1.683873995547446878e-01
1.705068026843472584e-01
1.726311591996396722e-01
1.747604575878068944e-01
1.768946862850625523e-01
1.790338336767433036e-01
1.811778880974080908e-01
1.833268378309331759e-01
1.854806711106115058e-01
1.876393761192506338e-01
1.898029409892718622e-01
1.919713538028088307e-01
1.941446025918078799e-01
1.963226753381274170e-01
1.985055599736388343e-01
2.006932443803288724e-01
2.028857163903990957e-01
2.050829637863689214e-01
2.072849743011777601e-01
2.094917356182895984e-01
2.117032353717925863e-01
2.139194611465068396e-01
2.161404004780860255e-01
2.183660408531241659e-01
2.205963697092578890e-01
2.228313744352754533e-01
2.250710423712195540e-01
2.273153608084970134e-01
2.295643169899824754e-01
2.318178981101282066e-01
2.340760913150710110e-01
2.363388837027400324e-01
2.386062623229663338e-01
2.408782141775914765e-01
2.431547262205775439e-01
2.454357853581163873e-01
2.477213784487407588e-01
2.500114923034355563e-01
2.523061136857475129e-01
2.546052293118985510e-01
2.569088258508978040e-01
2.592168899246538594e-01
2.615294081080858923e-01
2.638463669292424596e-01
2.661677528694089689e-01
2.684935523632265841e-01
2.708237517988054677e-01
2.731583375178393558e-01
2.754972958157214658e-01
2.778406129416624015e-01
2.801882750988035076e-01
2.825402684443354406e-01
2.848965790896164085e-01
2.872571931002874113e-01
2.896220964963930333e-01
2.919912752524976840e-01
2.943647152978058346e-01
2.967424025162821444e-01
2.991243227467687005e-01
3.015104617831076972e-01
3.039008053742614512e-01
3.062953392244328610e-01
3.086940489931867537e-01
3.110969202955724544e-01
3.135039387022461321e-01
3.159150897395928137e-01
3.183303588898490633e-01
3.207497315912282154e-01
3.231731932380427219e-01
3.256007291808278303e-01
3.280323247264692599e-01
3.304679651383249928e-01
3.329076356363520617e-01
3.353513213972327822e-01
3.377990075545012072e-01
3.402506791986684709e-01
3.427063213773504646e-01
3.451659190953971779e-01
3.476294573150165990e-01
3.500969209559074979e-01
3.525682948953835494e-01
3.550435639685061151e-01
3.575227129682120308e-01
3.600057266454431693e-01
3.624925897092768912e-01
3.649832868270563857e-01
3.674778026245230089e-01
3.699761216859450697e-01
3.724782285542522775e-01
3.749841077311655280e-01
3.774937436773313504e-01
3.800071208124518041e-01
3.825242235154220349e-01
3.850450361244607267e-01
3.875695429372438827e-01
3.900977282110403843e-01
3.926295761628475489e-01
3.951650709695234687e-01
3.977041967679257883e-01
4.002469376550438218e-01
4.027932776881383292e-01
4.053432008848755208e-01
4.078966912234652797e-01
4.104537326427974975e-01
4.130143090425807406e-01
4.155784042834796965e-01
4.181460021872528410e-01
4.207170865368934365e-01
4.232916410767648685e-01
4.258696495127438642e-01
4.284510955123577158e-01
4.310359627049255016e-01
4.336242346816988613e-01
4.362158949960009968e-01
4.388109271633702235e-01
4.414093146617007468e-01
4.440110409313836604e-01
4.466160893754484995e-01
4.492244433597089026e-01
4.518360862129029432e-01
4.544510012268362376e-01
4.570691716565274954e-01
4.596905807203504057e-01
4.623152116001792988e-01
4.649430474415320313e-01
4.675740713537174242e-01
4.702082664099783704e-01
4.728456156476386063e-01
4.754861020682474848e-01
4.781297086377280792e-01
4.807764182865210678e-01
4.834262139097348365e-01
4.860790783672901405e-01
4.887349944840680971e-01
4.913939450500600659e-01
4.940559128205125328e-01
4.967208805160795437e-01
4.993888308229669226e-01
5.020597463930861482e-01
5.047336098442002372e-01
5.074104037600747352e-01
5.100901106906298166e-01
5.127727131520865012e-01
5.154581936271206422e-01
5.181465345650140275e-01
5.208377183818032607e-01
5.235317274604329718e-01
5.262285441509091388e-01
5.289281507704478580e-01
5.316305296036316630e-01
5.343356629025591831e-01
5.370435328870005742e-01
5.397541217445496198e-01
5.424674116307791616e-01
5.451833846693926455e-01
5.479020229523803298e-01
5.506233085401732730e-01
5.533472234617983210e-01
5.560737497150343156e-01
5.588028692665654162e-01
5.615345640521386406e-01
5.642688159767197398e-01
5.670056069146486299e-01
5.697449187097975987e-01
5.724867331757265143e-01
5.752310320958413659e-01
5.779777972235512484e-01
5.807270102824253488e-01
5.834786529663527066e-01
5.862327069396991996e-01
5.889891538374671942e-01
5.917479752654518643e-01
5.945091528004040615e-01
5.972726679901873004e-01
6.000385023539382967e-01
6.028066373822253965e-01
6.055770545372113345e-01
6.083497352528113300e-01
6.111246609348558456e-01
6.139018129612493491e-01
6.166811726821341821e-01
6.194627214200499887e-01
6.222464404700945861e-01
6.250323111000900544e-01
6.278203145507416094e-01
6.306104320357999171e-01
6.334026447422267392e-01
6.361969338303542498e-01
6.389932804340514583e-01
6.417916656608864123e-01
6.445920705922894012e-01
6.473944762837179345e-01
6.501988637648206115e-01
6.530052140396016558e-01
6.558135080865854505e-01
6.586237268589817395e-01
6.614358512848507177e-01
6.642498622672682318e-01
6.670657406844915371e-01
6.698834673901257197e-01
6.727030232132896748e-01
6.755243889587811967e-01
6.783475454072451782e-01
6.811724733153403655e-01
6.839991534159041153e-01
6.868275664181235918e-01
6.896576930076986356e-01
6.924895138470132938e-01
6.953230095753025752e-01
6.981581608088177626e-01
7.009949481410006067e-01
7.038333521426455297e-01
7.066733533620732643e-01
7.095149323252963880e-01
7.123580695361915183e-01
7.152027454766658465e-01
7.180489406068291114e-01
7.208966353651615755e-01
7.237458101686852219e-01
7.265964454131328409e-01
7.294485214731203371e-01
7.323020187023149274e-01
7.351569174336080037e-01
7.380131979792849961e-01
7.408708406311962369e-01
7.437298256609290448e-01
7.465901333199795875e-01
7.494517438399246334e-01
7.523146374325923036e-01
7.551787942902342676e-01
7.580441945856993824e-01
7.609108184726065538e-01
7.637786460855152670e-01
7.666476575400992255e-01
7.695178329333207667e-01
7.723891523436027251e-01
7.752615958310016264e-01
7.781351434373817710e-01
7.810097751865892057e-01
7.838854710846256957e-01
7.867622111198223633e-01
7.896399752630132163e-01
7.925187434677107845e-01
7.953984956702807585e-01
7.982792117901147400e-01
8.011608717298087656e-01
8.040434553753346147e-01
8.069269425962172226e-01
8.098113132457077645e-01
8.126965471609634006e-01
8.155826241632191387e-01
8.184695240579635822e-01
8.213572266351190088e-01
8.242457116692121222e-01
8.271349589195536867e-01
8.300249481304149413e-01
8.329156590312014607e-01
8.358070713366341220e-01
8.386991647469216327e-01
8.415919189479390550e-01
8.444853136114076619e-01
8.473793283950679101e-01
8.502739429428586293e-01
8.531691368850951029e-01
8.560648898386475913e-01
8.589611814071144158e-01
8.618579911810059224e-01
8.647552987379192313e-01
8.676530836427154281e-01
8.705513254477026397e-01
8.734500036928066757e-01
8.763490979057578789e-01
8.792485876022643199e-01
8.821484522861904320e-01
8.850486714497417529e-01
8.879492245736353428e-01
8.908500911272854150e-01
8.937512505689803044e-01
8.966526823460608808e-01
8.995543658951022925e-01
9.024562806420910466e-01
9.053584060026054203e-01
9.082607213819973158e-01
9.111632061755673417e-01
9.140658397687506653e-01
9.169686015372916499e-01
9.198714708474271529e-01
9.227744270560666040e-01
9.256774495109703071e-01
9.285805175509330711e-01
9.314836105059592919e-01
9.343867076974515795e-01
9.372897884383828426e-01
9.401928320334831390e-01
9.430958177794186437e-01
9.459987249649703944e-01
